lastAccountName: Blackli5ter
timestamps:
  login: 1564337678460
  logout: 1564337787681
ipAddress: 70.55.164.255
lastlocation:
  world: world
  x: -48.5
  y: 64.0
  z: -39.5
  yaw: 3.949767
  pitch: 0.0
logoutlocation:
  world: world
  x: 1583.4314317062187
  y: 72.0
  z: -1704.0
  yaw: 3.3509772
  pitch: 19.36758
