lastAccountName: _xmemequeenx_
timestamps:
  login: 1564463475915
  logout: 1564463221262
  lastteleport: 1564463785511
ipAddress: 107.140.53.38
lastlocation:
  world: world
  x: 268.87246837368775
  y: 66.0
  z: 19.070823316281878
  yaw: 332.32227
  pitch: 14.514259
logoutlocation:
  world: world
  x: 256.66446217780265
  y: 78.0
  z: 8.837150900537356
  yaw: 346.71973
  pitch: 32.08593
money: '296.4158249999999982'
homes:
  home:
    world: world
    x: 255.36800503901543
    y: 78.0
    z: 10.469029464968543
    yaw: 358.37787
    pitch: 20.36427
