lastAccountName: _xmemequeenx_
timestamps:
  login: 1564439022077
  logout: 1564436036184
  lastteleport: 1564439107151
ipAddress: 107.140.53.38
lastlocation:
  world: world
  x: -38.52324438384747
  y: 68.0
  z: -41.41332265928405
  yaw: -45.59375
  pitch: 8.549795
logoutlocation:
  world: world
  x: 253.5742512891302
  y: 79.0
  z: 12.570264262453932
  yaw: -80.43029
  pitch: 49.350025
money: '242.9918249999999982'
homes:
  home:
    world: world
    x: 254.35470351512794
    y: 78.0
    z: 17.93928950396127
    yaw: 337.67084
    pitch: 35.0672
