lastAccountName: _xmemequeenx_
timestamps:
  login: 1564464133227
  logout: 1564465715544
  lastteleport: 1564465408384
ipAddress: 107.140.53.38
lastlocation:
  world: world
  x: -38.52324438384747
  y: 68.0
  z: -41.41332265928405
  yaw: -45.59375
  pitch: 8.549795
logoutlocation:
  world: world
  x: 255.39016814611446
  y: 78.0
  z: 15.665687536825265
  yaw: 166.67236
  pitch: 19.061714
money: '294.4158249999999982'
homes:
  home:
    world: world
    x: 255.36800503901543
    y: 78.0
    z: 10.469029464968543
    yaw: 358.37787
    pitch: 20.36427
