lastAccountName: _xmemequeenx_
timestamps:
  login: 1564454953670
  logout: 1564456213768
  lastteleport: 1564456119850
ipAddress: 107.140.53.38
lastlocation:
  world: world
  x: 254.69999998807907
  y: 60.0
  z: -11.300000011920929
  yaw: 123.72778
  pitch: -18.132385
logoutlocation:
  world: world
  x: 254.9832132419662
  y: 78.0
  z: 10.950802660472345
  yaw: 178.81616
  pitch: 17.31154
money: '296.4158249999999982'
homes:
  home:
    world: world
    x: 254.35470351512794
    y: 78.0
    z: 17.93928950396127
    yaw: 337.67084
    pitch: 35.0672
