lastAccountName: _xmemequeenx_
timestamps:
  login: 1564432518397
  logout: 1564436036184
  lastteleport: 1564434716951
ipAddress: 107.140.53.38
lastlocation:
  world: world
  x: 255.69999998807913
  y: 66.0
  z: -61.95617287904574
  yaw: 322.29242
  pitch: 24.772177
logoutlocation:
  world: world
  x: 253.5742512891302
  y: 79.0
  z: 12.570264262453932
  yaw: -80.43029
  pitch: 49.350025
money: '241.0278249999999982'
homes:
  home:
    world: world
    x: 254.35470351512794
    y: 78.0
    z: 17.93928950396127
    yaw: 337.67084
    pitch: 35.0672
