lastAccountName: _xmemequeenx_
timestamps:
  login: 1564365171853
  logout: 1564359898541
  lastteleport: 1564368503451
ipAddress: 107.140.53.38
lastlocation:
  world: world
  x: 1014.821801304759
  y: 56.0
  z: -3463.699999988079
  yaw: 86.107056
  pitch: 6.149992
logoutlocation:
  world: world
  x: 300.4745498438243
  y: 86.0
  z: -676.3732880522259
  yaw: 157.27222
  pitch: 32.23474
money: '14.7034999999999954'
homes:
  home:
    world: world
    x: 1013.7940856256912
    y: 63.0
    z: -3458.7523128963617
    yaw: 28.363098
    pitch: 64.442406
