lastAccountName: _xmemequeenx_
timestamps:
  login: 1564292910208
  logout: 1564292895179
ipAddress: 107.140.53.38
lastlocation:
  world: world
  x: -48.5
  y: 64.0
  z: -39.5
  yaw: 4.417785
  pitch: 0.0
logoutlocation:
  world: world
  x: -10.39049141455719
  y: 64.66610926093821
  z: -67.92583376415264
  yaw: 93.79468
  pitch: 8.546886
