lastAccountName: CG_xRAMPAGEx
timestamps:
  login: 1564510016717
  logout: 1564510050452
ipAddress: 173.249.30.10
lastlocation:
  world: world
  x: -48.5
  y: 64.0
  z: -39.5
  yaw: 0.41141576
  pitch: 0.0
logoutlocation:
  world: world
  x: -38.5
  y: 68.0
  z: -41.5
  yaw: -45.59375
  pitch: 8.549795
