lastAccountName: MotryMadly
timestamps:
  login: 1564498252250
  logout: 1564498935943
ipAddress: 197.35.161.18
lastlocation:
  world: world
  x: -48.5
  y: 64.0
  z: -39.5
  yaw: 0.9165897
  pitch: 0.0
money: '0.0'
logoutlocation:
  world: world
  x: -38.52324438384747
  y: 68.0
  z: -41.41332265928405
  yaw: -49.79378
  pitch: 29.849789
