lastAccountName: Cirke
timestamps:
  login: 1564273907772
  logout: 1564272987034
  lastteleport: 1564275560771
  kits:
    member: 1564195806624
ipAddress: 73.95.152.9
lastlocation:
  world: world
  x: -1682.710484443913
  y: 11.0
  z: 1836.300000011921
  yaw: -82.25366
  pitch: 27.299992
logoutlocation:
  world: world
  x: -1674.8952954426413
  y: 11.0
  z: 1860.9525698055998
  yaw: -179.4124
  pitch: 14.814165
money: '2077.8125000000000438'
homes:
  home:
    world: world
    x: -1643.5661907365948
    y: 57.0
    z: 1917.3609602199658
    yaw: -266.6332
    pitch: 22.186474
