lastAccountName: uxits
timestamps:
  login: 1564259866815
  logout: 1564248425201
  lastteleport: 1564261483401
  kits:
    member: 1564190505435
ipAddress: 76.104.13.96
lastlocation:
  world: world
  x: 230.1948395498845
  y: 74.25
  z: 405.70174755259643
  yaw: -270.5127
  pitch: 25.47938
logoutlocation:
  world: world
  x: 267.4321710386362
  y: 68.0
  z: -711.1575369918284
  yaw: 350.16806
  pitch: 14.550004
homes:
  home:
    world: world
    x: 235.0963346852596
    y: 74.0
    z: 405.97658581518857
    yaw: -189.8628
    pitch: 31.601883
money: '0.0'
