lastAccountName: uxits
timestamps:
  login: 1564262595055
  logout: 1564262628792
  lastteleport: 1564261483401
  kits:
    member: 1564190505435
ipAddress: 76.104.13.96
lastlocation:
  world: world
  x: 230.1948395498845
  y: 74.25
  z: 405.70174755259643
  yaw: -270.5127
  pitch: 25.47938
logoutlocation:
  world: world
  x: 240.81526256293924
  y: 81.0
  z: 402.78217060869844
  yaw: -229.12036
  pitch: -33.595978
homes:
  home:
    world: world
    x: 235.0963346852596
    y: 74.0
    z: 405.97658581518857
    yaw: -189.8628
    pitch: 31.601883
money: '0.0'
