lastAccountName: Flameboy99R
timestamps:
  login: 1564186237634
  logout: 1564186562237
ipAddress: 76.95.131.27
lastlocation:
  world: world
  x: -48.5
  y: 64.0
  z: -42.5
  yaw: 4.035744
  pitch: 0.0
logoutlocation:
  world: world
  x: 3.397288339854655
  y: 79.5
  z: -9.996672571884329
  yaw: -140.52087
  pitch: 19.958391
