lastAccountName: zNihility
timestamps:
  login: 1564451863579
  lastteleport: 1564457458450
  logout: 1564451850312
  kits:
    member: 1564269845163
ipAddress: 202.190.13.228
lastlocation:
  world: world
  x: -2223.5266204018103
  y: 63.0
  z: -174.8592965390187
  yaw: -100.34423
  pitch: 24.149826
money: '1336.69199999999999804'
homes:
  home:
    world: world
    x: -760.1091559170139
    y: 11.0
    z: 50.426079386243956
    yaw: 189.28717
    pitch: 14.999994
logoutlocation:
  world: world
  x: -2190.5259414045427
  y: 23.0
  z: 72.53880632471957
  yaw: 355.32315
  pitch: -1.3501635
