lastAccountName: zNihility
timestamps:
  login: 1564259826605
  lastteleport: 1564262143051
  logout: 1564257061249
ipAddress: 202.190.13.228
lastlocation:
  world: world
  x: -2180.300000011921
  y: 15.0
  z: 72.28536731364211
  yaw: 207.10947
  pitch: -1.9502459
money: '666.7025000000000418'
homes:
  home:
    world: world
    x: -2182.699999988079
    y: 18.0
    z: 73.30000001192093
    yaw: 96.865524
    pitch: 1.049743
logoutlocation:
  world: world
  x: -2192.247516356659
  y: 22.0
  z: 68.53218891379257
  yaw: 274.6087
  pitch: 28.049603
