lastAccountName: zNihility
timestamps:
  login: 1564280155242
  lastteleport: 1564269506121
  logout: 1564280226677
  kits:
    member: 1564269845163
ipAddress: 202.190.13.228
lastlocation:
  world: world
  x: -2223.9992427748757
  y: 63.0
  z: -174.16480317016178
  yaw: 231.31543
  pitch: 21.59992
money: '59.7725000000000320'
homes:
  home:
    world: world
    x: -2180.300000011921
    y: 16.0
    z: 73.69999998807907
    yaw: 182.96611
    pitch: 27.599766
logoutlocation:
  world: world
  x: -2220.28692851397
  y: 63.875
  z: -172.22214660947273
  yaw: -145.94333
  pitch: 44.549767
