lastAccountName: zNihility
timestamps:
  login: 1564258341591
  lastteleport: 1564257423474
  logout: 1564257061249
ipAddress: 202.190.13.228
lastlocation:
  world: world
  x: -2223.1117703073396
  y: 63.0
  z: -175.4293138434806
  yaw: 111.74837
  pitch: 7.5000334
money: '265.4325000000000373'
homes:
  home:
    world: world
    x: -2184.576062266966
    y: 24.0
    z: 72.70059190932088
    yaw: -180.349
    pitch: 6.600013
logoutlocation:
  world: world
  x: -2192.247516356659
  y: 22.0
  z: 68.53218891379257
  yaw: 274.6087
  pitch: 28.049603
