lastAccountName: zNihility
timestamps:
  login: 1564258341591
  lastteleport: 1564259063225
  logout: 1564257061249
ipAddress: 202.190.13.228
lastlocation:
  world: world
  x: -2235.7846125935926
  y: 63.0
  z: -175.79010423251466
  yaw: 217.04709
  pitch: 37.20001
money: '72.8575000000000383'
homes:
  home:
    world: world
    x: -2188.404236536953
    y: 22.0
    z: 67.50705756170352
    yaw: 102.86244
    pitch: 36.899937
logoutlocation:
  world: world
  x: -2192.247516356659
  y: 22.0
  z: 68.53218891379257
  yaw: 274.6087
  pitch: 28.049603
