lastAccountName: zNihility
timestamps:
  login: 1564433395475
  lastteleport: 1564437659151
  logout: 1564402467657
  kits:
    member: 1564269845163
ipAddress: 202.190.13.228
lastlocation:
  world: world
  x: -2185.549058475194
  y: 23.0
  z: 70.24136437393578
  yaw: 300.7235
  pitch: 43.19976
money: '325.70450000000003056'
homes:
  home:
    world: world
    x: -2189.427911555349
    y: 22.0
    z: 70.60953466282604
    yaw: 236.96709
    pitch: 2.0998087
logoutlocation:
  world: world
  x: -2180.4114042517995
  y: 23.0
  z: 71.231378693525
  yaw: 176.81798
  pitch: -5.850193
