lastAccountName: zNihility
timestamps:
  login: 1564341395927
  lastteleport: 1564345101624
  logout: 1564345571642
  kits:
    member: 1564269845163
ipAddress: 202.190.13.228
lastlocation:
  world: world
  x: -2221.3415772296303
  y: 65.875
  z: -175.77734879379236
  yaw: 15.906036
  pitch: 71.099945
money: '49.7725000000000320'
homes:
  home:
    world: world
    x: -2180.300000011921
    y: 16.0
    z: 73.69999998807907
    yaw: 182.96611
    pitch: 27.599766
logoutlocation:
  world: world
  x: -2222.300000011921
  y: 63.0
  z: -169.5914175304301
  yaw: -26.848206
  pitch: 64.20011
