lastAccountName: zNihility
timestamps:
  login: 1564451863579
  lastteleport: 1564454722604
  logout: 1564451850312
  kits:
    member: 1564269845163
ipAddress: 202.190.13.228
lastlocation:
  world: world
  x: -2187.2611024010166
  y: 23.0
  z: 56.69999998807907
  yaw: 167.82727
  pitch: 53.249763
money: '1176.80450000000001060'
homes:
  home:
    world: world
    x: -760.1091559170139
    y: 11.0
    z: 50.426079386243956
    yaw: 189.28717
    pitch: 14.999994
logoutlocation:
  world: world
  x: -2190.5259414045427
  y: 23.0
  z: 72.53880632471957
  yaw: 355.32315
  pitch: -1.3501635
