lastAccountName: zNihility
timestamps:
  login: 1564528925746
  lastteleport: 1564528953476
  logout: 1564526066044
  kits:
    member: 1564269845163
ipAddress: 202.190.13.228
lastlocation:
  world: world
  x: -2213.725893579735
  y: 63.0
  z: -200.2190202277512
  yaw: 93.91724
  pitch: 8.849966
money: '413.50399999999997541'
homes:
  home:
    world: world
    x: -2171.5371007848244
    y: 34.0
    z: -999.366614504389
    yaw: 181.23915
    pitch: 10.349907
logoutlocation:
  world: world
  x: -2213.382348932768
  y: 63.0
  z: -200.2566303495398
  yaw: 93.91724
  pitch: 8.849966
