lastAccountName: KingJeffery9
timestamps:
  login: 1564261469891
  logout: 1564261489737
ipAddress: 73.254.245.54
lastlocation:
  world: world
  x: -48.5
  y: 64.0
  z: -43.5
  yaw: 4.9709206
  pitch: 0.0
logoutlocation:
  world: world
  x: -3396.965612502843
  y: 66.0
  z: -3402.0954456247177
  yaw: -280.4891
  pitch: 14.661837
