lastAccountName: BlockKingdomSux
timestamps:
  login: 1564260294957
  logout: 1564260342865
ipAddress: 73.254.245.54
lastlocation:
  world: world
  x: -48.5
  y: 64.0
  z: -39.5
  yaw: 2.982161
  pitch: 0.0
logoutlocation:
  world: world
  x: -3398.50258915874
  y: 66.0
  z: -3396.2351541004555
  yaw: -0.23002481
  pitch: 5.977893
