lastAccountName: KingRocketFox
timestamps:
  login: 1564438918664
  logout: 1564439103863
ipAddress: 74.131.88.98
lastlocation:
  world: world
  x: -48.5
  y: 64.0
  z: -39.5
  yaw: 4.6116486
  pitch: 0.0
logoutlocation:
  world: world
  x: -41.219828448335925
  y: 78.0
  z: -27.69999998807907
  yaw: -212.68695
  pitch: 27.323832
