lastAccountName: Benzorzz
timestamps:
  login: 1564366035401
  logout: 1564366097869
ipAddress: 73.95.152.9
lastlocation:
  world: world
  x: -43.5
  y: 73.0
  z: -42.5
  yaw: 0.81894296
  pitch: 0.0
logoutlocation:
  world: world
  x: -28.00898210840238
  y: 72.0
  z: -16.78809885280063
  yaw: -3.8522499
  pitch: 1.9972357
