lastAccountName: Benzorzz
timestamps:
  login: 1564288540256
  logout: 1564288574457
ipAddress: 73.95.152.9
lastlocation:
  world: world
  x: -43.5
  y: 73.0
  z: -42.5
  yaw: 0.81894296
  pitch: 0.0
logoutlocation:
  world: world
  x: -35.47665085309295
  y: 67.0
  z: -37.730596086960205
  yaw: -201.64417
  pitch: -24.199427
