lastAccountName: halonyraad
timestamps:
  login: 1564344389240
  logout: 1564344527895
ipAddress: 2.104.31.103
lastlocation:
  world: world
  x: -48.5
  y: 64.0
  z: -39.5
  yaw: 4.7107215
  pitch: 0.0
logoutlocation:
  world: world
  x: -32.24556373706833
  y: 67.0
  z: -39.28422044596363
  yaw: -161.2739
  pitch: 5.555737
