lastAccountName: iGooMo
timestamps:
  login: 1564291254067
  logout: 1564244118744
  lastteleport: 1564290165002
ipAddress: 24.209.206.59
lastlocation:
  world: world
  x: -3402.150348984751
  y: 63.0
  z: -3400.335223392102
  yaw: -11.273467
  pitch: -28.368567
money: '2283.12600000000000177'
logoutlocation:
  world: world
  x: -3399.5093457668704
  y: 6.0
  z: -3396.9965280801816
  yaw: -178.97517
  pitch: 32.58866
homes:
  home:
    world: world
    x: -3400.9428231741476
    y: 6.0
    z: -3399.6970597113072
    yaw: -299.1338
    pitch: 21.054623
