lastAccountName: iGooMo
timestamps:
  login: 1564464659461
  logout: 1564465810341
  lastteleport: 1564327016874
  kits:
    member: 1564296044269
ipAddress: 24.209.206.59
lastlocation:
  world: world
  x: -1018.6999999880791
  y: 26.0
  z: -516.3000000119212
  yaw: 213.18585
  pitch: 17.956146
money: '3908.46550000000005951'
logoutlocation:
  world: world
  x: 93.63588366578516
  y: 60.164988892791065
  z: 355.7048498912121
  yaw: 77.01132
  pitch: 22.431932
homes:
  home:
    world: world
    x: -3400.9428231741476
    y: 6.0
    z: -3399.6970597113072
    yaw: -299.1338
    pitch: 21.054623
