lastAccountName: iGooMo
timestamps:
  login: 1564326315491
  logout: 1564331671698
  lastteleport: 1564327016874
  kits:
    member: 1564296044269
ipAddress: 24.209.206.59
lastlocation:
  world: world
  x: -1018.6999999880791
  y: 26.0
  z: -516.3000000119212
  yaw: 213.18585
  pitch: 17.956146
money: '3909.22400000000005949'
logoutlocation:
  world: world
  x: -38.52324438384747
  y: 68.0
  z: -41.41332265928405
  yaw: -44.044403
  pitch: 9.582682
homes:
  home:
    world: world
    x: -3400.9428231741476
    y: 6.0
    z: -3399.6970597113072
    yaw: -299.1338
    pitch: 21.054623
