lastAccountName: iGooMo
timestamps:
  login: 1564291254067
  logout: 1564291428584
  lastteleport: 1564290165002
ipAddress: 24.209.206.59
lastlocation:
  world: world
  x: -3402.150348984751
  y: 63.0
  z: -3400.335223392102
  yaw: -11.273467
  pitch: -28.368567
money: '2374.83600000000001367'
logoutlocation:
  world: world_nether
  x: -316.69999998807907
  y: 33.0
  z: -314.30000001192093
  yaw: 356.88293
  pitch: 70.20279
homes:
  home:
    world: world
    x: -3400.9428231741476
    y: 6.0
    z: -3399.6970597113072
    yaw: -299.1338
    pitch: 21.054623
