lastAccountName: WorldGod
timestamps:
  login: 1564334782139
  kits:
    member: 1564334829568
  logout: 1564334855040
ipAddress: 94.2.239.191
lastlocation:
  world: world
  x: -48.5
  y: 64.0
  z: -39.5
  yaw: 3.1823525
  pitch: 0.0
logoutlocation:
  world: world
  x: -31.358325030209034
  y: 67.0
  z: -38.22018496320525
  yaw: 178.20659
  pitch: 11.249781
