lastAccountName: rodd645882
timestamps:
  login: 1564186009035
  logout: 1564186294362
ipAddress: 47.144.39.223
lastlocation:
  world: world
  x: -48.5
  y: 64.0
  z: -39.5
  yaw: 1.3235238
  pitch: 0.0
logoutlocation:
  world: world
  x: -19.297577432735043
  y: 67.0
  z: -26.994529514812196
  yaw: -62.652588
  pitch: 18.352343
