lastAccountName: Yunalescar
timestamps:
  login: 1564300080524
  lastteleport: 1564300787524
  logout: 1564300881828
ipAddress: 178.27.182.57
lastlocation:
  world: world
  x: 2022.5122196941834
  y: 28.0
  z: -607.2267500434998
  yaw: 2.401123
  pitch: -35.850166
money: '108.4874999999999980'
homes:
  home:
    world: world
    x: 2022.5122196941834
    y: 28.0
    z: -607.2267500434998
    yaw: 2.401123
    pitch: -35.850166
logoutlocation:
  world: world
  x: -7.22955247061207
  y: 64.0
  z: -87.7234789583018
  yaw: 69.4562
  pitch: -7.8000393
