lastAccountName: zKirk
timestamps:
  login: 1564338582879
  lastteleport: 1564338600524
  logout: 1564338688678
  kits:
    member: 1564242103345
ipAddress: 65.189.0.145
lastlocation:
  world: world
  x: -3400.0173291827236
  y: 63.0
  z: -3400.0435316541975
  yaw: -179.81064
  pitch: -0.73857856
logoutlocation:
  world: world
  x: -3232.699999988079
  y: 16.0
  z: -3397.300000011921
  yaw: -175.87154
  pitch: 25.800026
money: '7539.94350000000000388'
homes:
  home:
    world: world
    x: -3231.311839506384
    y: 12.0
    z: -3407.305542764628
    yaw: -309.07306
    pitch: 25.800058
