lastAccountName: zKirk
timestamps:
  login: 1564460804718
  lastteleport: 1564460830394
  logout: 1564385246670
  kits:
    member: 1564242103345
ipAddress: 65.189.0.145
lastlocation:
  world: world
  x: -3400.74688166592
  y: 63.0
  z: -3403.150323798538
  yaw: 72.337776
  pitch: 13.51148
logoutlocation:
  world: world_the_end
  x: -328.30000001192093
  y: 1.0
  z: 1.7632611165454084
  yaw: -227.33156
  pitch: 4.851712
money: '10620.34700000000014358'
homes:
  home:
    world: world_the_end
    x: -330.1077684615754
    y: 1.0
    z: 0.49346621664529566
    yaw: 112.41742
    pitch: 15.651824
