lastAccountName: ItzMecha
timestamps:
  login: 1564262592641
  lastteleport: 1564272100871
  logout: 1564272384728
  kits:
    diamond: 1564264096001
    member: 1564244271198
    sapphire: 1564264026256
ipAddress: 73.254.245.54
lastlocation:
  world: world
  x: -3401.3101738892087
  y: 66.0
  z: -3400.9522942581834
  yaw: -335.98514
  pitch: 0.07554295
money: '3683.45500000000002451'
logoutlocation:
  world: world_the_end
  x: -324.8077632144808
  y: 1.0
  z: -0.3109482574489755
  yaw: -271.69547
  pitch: 5.7766128
homes:
  home:
    world: world
    x: -3400.0714213702436
    y: 7.0
    z: -3400.05302459261
    yaw: -179.5625
    pitch: 4.0267243
  desert:
    world: world
    x: -2780.0932186857317
    y: 71.0
    z: -3402.4250051535287
    yaw: 10.8541565
    pitch: 3.4398472
  pearl:
    world: world
    x: 2045.7789089628095
    y: 63.0
    z: -1715.5624538081943
    yaw: -141.93776
    pitch: -0.9181162
  end:
    world: world_the_end
    x: 5.116649988824563
    y: 65.0
    z: 9.494803692581451
    yaw: 38.941906
    pitch: 23.174608
  end2:
    world: world_the_end
    x: 1823.5595988112755
    y: 59.0
    z: 1406.5479217134505
    yaw: 200.80011
    pitch: 9.988806
  ender:
    world: world_the_end
    x: -325.72515599613405
    y: 1.0
    z: -0.5302720998328403
    yaw: -270.54218
    pitch: 16.088724
