lastAccountName: ItzMecha
timestamps:
  login: 1564460594877
  lastteleport: 1564385131501
  logout: 1564460569097
  kits:
    diamond: 1564264096001
    member: 1564244271198
    jade: 1564342422711
    garnet: 1564341711791
    sapphire: 1564264026256
ipAddress: 73.254.245.54
lastlocation:
  world: world
  x: -3405.7561856246193
  y: 63.0
  z: -3399.855567931376
  yaw: -297.85977
  pitch: -6.201539
money: '8990.43800000000023472'
logoutlocation:
  world: world
  x: -3392.041226935304
  y: 63.0
  z: -3399.612049805675
  yaw: -43.980946
  pitch: -0.5827902
homes:
  end:
    world: world_the_end
    x: 5.116649988824563
    y: 65.0
    z: 9.494803692581451
    yaw: 38.941906
    pitch: 23.174608
  ender:
    world: world_the_end
    x: -325.72515599613405
    y: 1.0
    z: -0.5302720998328403
    yaw: -270.54218
    pitch: 16.088724
