lastAccountName: ItzMecha
timestamps:
  login: 1564278069221
  lastteleport: 1564272100871
  logout: 1564286746856
  kits:
    diamond: 1564264096001
    member: 1564244271198
    sapphire: 1564264026256
ipAddress: 73.254.245.54
lastlocation:
  world: world
  x: -1647.0588311637687
  y: 52.5625
  z: 1912.9672255264284
  yaw: -305.02753
  pitch: 17.6011
money: '4560.47050000000004808'
logoutlocation:
  world: world
  x: -3400.0173291827236
  y: 63.0
  z: -3400.0435316541975
  yaw: -179.81064
  pitch: -0.73857856
homes:
  home:
    world: world
    x: -3400.0714213702436
    y: 7.0
    z: -3400.05302459261
    yaw: -179.5625
    pitch: 4.0267243
  desert:
    world: world
    x: -2780.0932186857317
    y: 71.0
    z: -3402.4250051535287
    yaw: 10.8541565
    pitch: 3.4398472
  pearl:
    world: world
    x: 2045.7789089628095
    y: 63.0
    z: -1715.5624538081943
    yaw: -141.93776
    pitch: -0.9181162
  end:
    world: world_the_end
    x: 5.116649988824563
    y: 65.0
    z: 9.494803692581451
    yaw: 38.941906
    pitch: 23.174608
  end2:
    world: world_the_end
    x: 1823.5595988112755
    y: 59.0
    z: 1406.5479217134505
    yaw: 200.80011
    pitch: 9.988806
  ender:
    world: world_the_end
    x: -325.72515599613405
    y: 1.0
    z: -0.5302720998328403
    yaw: -270.54218
    pitch: 16.088724
