lastAccountName: ItzMecha
timestamps:
  login: 1564352081924
  lastteleport: 1564357588624
  logout: 1564359965092
  kits:
    diamond: 1564264096001
    member: 1564244271198
    jade: 1564342422711
    garnet: 1564341711791
    sapphire: 1564264026256
ipAddress: 73.254.245.54
lastlocation:
  world: world
  x: -3400.402810894512
  y: 63.0
  z: -3394.898898914289
  yaw: -178.99718
  pitch: 7.131195
money: '27.58300000000002605'
logoutlocation:
  world: world
  x: -3397.9963315818113
  y: 63.0
  z: -3402.1433894596344
  yaw: 65.25885
  pitch: 8.809771
homes:
  end:
    world: world_the_end
    x: 5.116649988824563
    y: 65.0
    z: 9.494803692581451
    yaw: 38.941906
    pitch: 23.174608
  ender:
    world: world_the_end
    x: -325.72515599613405
    y: 1.0
    z: -0.5302720998328403
    yaw: -270.54218
    pitch: 16.088724
