lastAccountName: ItzMecha
timestamps:
  login: 1564259635596
  lastteleport: 1564260993151
  logout: 1564252359515
  kits:
    member: 1564244271198
ipAddress: 73.254.245.54
lastlocation:
  world: world
  x: -3400.8173552499884
  y: 66.0
  z: -3402.6377794270406
  yaw: -136.18883
  pitch: 16.290054
money: '944.92099999999983289'
logoutlocation:
  world: world
  x: -3409.3392423205255
  y: 66.0
  z: -3395.3772809620473
  yaw: 201.76752
  pitch: -3.4874606
homes:
  home:
    world: world
    x: -3400.0714213702436
    y: 7.0
    z: -3400.05302459261
    yaw: -179.5625
    pitch: 4.0267243
