lastAccountName: ItzMecha
timestamps:
  login: 1564511183585
  lastteleport: 1564385131501
  logout: 1564515226991
  kits:
    diamond: 1564264096001
    member: 1564244271198
    jade: 1564342422711
    garnet: 1564341711791
    sapphire: 1564264026256
ipAddress: 73.254.245.54
lastlocation:
  world: world
  x: -3405.7561856246193
  y: 63.0
  z: -3399.855567931376
  yaw: -297.85977
  pitch: -6.201539
money: '16269.77100000000287342'
logoutlocation:
  world: world_the_end
  x: -332.56248922830883
  y: 1.0
  z: -0.8437899787185663
  yaw: -281.48682
  pitch: 0.8234129
homes:
  end:
    world: world_the_end
    x: 5.116649988824563
    y: 65.0
    z: 9.494803692581451
    yaw: 38.941906
    pitch: 23.174608
  ender:
    world: world_the_end
    x: -325.72515599613405
    y: 1.0
    z: -0.5302720998328403
    yaw: -270.54218
    pitch: 16.088724
