lastAccountName: martyiswarty
timestamps:
  login: 1564359852705
  kits:
    member: 1564197338694
  lastteleport: 1564362791224
  logout: 1564356316003
ipAddress: 198.72.132.34
lastlocation:
  world: world_nether
  x: -392.25761650840457
  y: 70.0
  z: 55.08477513962452
  yaw: -100.10562
  pitch: -9.510783
money: '5040.28400000000013952'
homes:
  home:
    world: world_nether
    x: -387.30000001192093
    y: 74.0
    z: 63.5766610408273
    yaw: -198.00513
    pitch: 11.415113
logoutlocation:
  world: world
  x: 1013.4569862301234
  y: 63.0
  z: -3461.1666093829263
  yaw: 181.72435
  pitch: 26.378006
