lastAccountName: martyiswarty
timestamps:
  login: 1564364136764
  kits:
    member: 1564197338694
  lastteleport: 1564366247851
  logout: 1564366732765
ipAddress: 198.72.132.34
lastlocation:
  world: world
  x: 884.6999999880791
  y: 62.0
  z: -3041.300000011921
  yaw: -20.971863
  pitch: 26.37901
money: '5093.05300000000014061'
homes:
  home:
    world: world
    x: 1020.3622561840816
    y: 53.0
    z: -3479.5129491139433
    yaw: -268.50134
    pitch: 65.15996
logoutlocation:
  world: world
  x: 1021.2287253754671
  y: 49.0
  z: -3479.256730002669
  yaw: 43.032284
  pitch: 26.82365
