lastAccountName: Backblock
timestamps:
  login: 1564343166463
  lastteleport: 1564352245627
  kits:
    member: 1564190521016
  logout: 1564354104341
ipAddress: 47.198.244.36
lastlocation:
  world: world
  x: -1642.2532328785198
  y: 57.0
  z: 1903.6461532166772
  yaw: 159.21085
  pitch: 5.385593
money: '6280.37899999999938251'
homes:
  home:
    world: world
    x: -1641.3527473799365
    y: 57.0
    z: 1901.6865554056128
    yaw: 78.18988
    pitch: 0.12731943
logoutlocation:
  world: world
  x: -1641.9748398754543
  y: 57.0
  z: 1897.4369558988028
  yaw: 32.134277
  pitch: 48.53599
