lastAccountName: Backblock
timestamps:
  login: 1564208823608
  lastteleport: 1564216286089
  kits:
    member: 1564190521016
  logout: 1564221555398
ipAddress: 47.198.244.36
lastlocation:
  world: world
  x: -1629.1941669543892
  y: 69.0
  z: 1887.1746316128101
  yaw: 40.368042
  pitch: 9.351856
money: '3686.35999999999995720'
homes:
  home:
    world: world
    x: -1641.3527473799365
    y: 57.0
    z: 1901.6865554056128
    yaw: 78.18988
    pitch: 0.12731943
logoutlocation:
  world: world
  x: -1641.655773799088
  y: 57.0
  z: 1907.5080764449576
  yaw: 86.51892
  pitch: -39.13351
