lastAccountName: ChickensBurning
timestamps:
  login: 1564295172606
  logout: 1564299385134
  lastteleport: 1564297225624
  kits:
    diamond: 1564261242330
    member: 1564295278892
ipAddress: 73.106.78.237
lastlocation:
  world: world
  x: 375.7186478286605
  y: 14.0
  z: -632.6998432024538
  yaw: -41.301514
  pitch: 6.5999923
logoutlocation:
  world: world
  x: -22.318718205278817
  y: 67.0
  z: -42.16097566189662
  yaw: 358.65625
  pitch: 90.0
afk: false
money: '116.0499999999999983'
homes:
  home:
    world: world
    x: 254.542472592352
    y: 40.0
    z: -672.7525298468158
    yaw: -256.8407
    pitch: 33.299976
