lastAccountName: ChickensBurning
timestamps:
  login: 1564462656858
  logout: 1564400380958
  lastteleport: 1564463227173
  kits:
    diamond: 1564261242330
    member: 1564295278892
ipAddress: 73.106.79.23
lastlocation:
  world: world
  x: -68.1939419911881
  y: 98.97105753392779
  z: -331.82353913897936
  yaw: 125.54944
  pitch: 8.549975
logoutlocation:
  world: world
  x: -1225.8287152800378
  y: 111.61477329390549
  z: 1202.9790373007063
  yaw: -201.15077
  pitch: 16.649942
afk: false
money: '116.3074999999999983'
homes:
  home:
    world: world
    x: 254.542472592352
    y: 40.0
    z: -672.7525298468158
    yaw: -256.8407
    pitch: 33.299976
nickname: ยง4Chickens
