lastAccountName: ChickensBurning
timestamps:
  login: 1564400245814
  logout: 1564400380958
  lastteleport: 1564400362670
  kits:
    diamond: 1564261242330
    member: 1564295278892
ipAddress: 73.106.78.221
lastlocation:
  world: world
  x: -210.04857583183448
  y: 79.48390820745928
  z: -128.58902917026296
  yaw: 120.75632
  pitch: 7.79999
logoutlocation:
  world: world
  x: -1225.8287152800378
  y: 111.61477329390549
  z: 1202.9790373007063
  yaw: -201.15077
  pitch: 16.649942
afk: false
money: '116.3074999999999983'
homes:
  home:
    world: world
    x: 254.542472592352
    y: 40.0
    z: -672.7525298468158
    yaw: -256.8407
    pitch: 33.299976
