lastAccountName: ChickensBurning
timestamps:
  login: 1564197884024
  logout: 1564198039748
  lastteleport: 1564178752967
ipAddress: 73.106.78.217
lastlocation:
  world: world
  x: 1666.1099587260367
  y: 66.625
  z: -1606.2394191629369
  yaw: -162.9251
  pitch: 42.300045
logoutlocation:
  world: world
  x: -18.256292010047474
  y: 65.0
  z: -20.97389267164424
  yaw: -14.393829
  pitch: 52.199997
afk: false
