lastAccountName: ChickensBurning
timestamps:
  login: 1564364741230
  logout: 1564364722916
  lastteleport: 1564368634581
  kits:
    diamond: 1564261242330
    member: 1564295278892
ipAddress: 73.106.79.5
lastlocation:
  world: world
  x: -2026.1547752638576
  y: 4.0
  z: 3517.699999988079
  yaw: -21.10028
  pitch: 70.79999
logoutlocation:
  world: world
  x: -22.318718205278817
  y: 67.0
  z: -42.16097566189662
  yaw: 6.4562683
  pitch: 49.799995
afk: false
money: '116.3074999999999983'
homes:
  home:
    world: world
    x: 254.542472592352
    y: 40.0
    z: -672.7525298468158
    yaw: -256.8407
    pitch: 33.299976
