lastAccountName: ChickensBurning
timestamps:
  login: 1564261100481
  logout: 1564261720010
  lastteleport: 1564261527589
  kits:
    diamond: 1564261242330
ipAddress: 73.106.77.25
lastlocation:
  world: world
  x: -26.922171916841787
  y: 67.0
  z: -33.08520772739597
  yaw: -216.44371
  pitch: 3.8997967
logoutlocation:
  world: world
  x: -2208.333266012443
  y: 68.0
  z: -188.99284280982076
  yaw: -313.7937
  pitch: -5.5502048
afk: false
