lastAccountName: ChickensBurning
timestamps:
  login: 1564265550602
  logout: 1564272059339
  lastteleport: 1564272042189
  kits:
    diamond: 1564261242330
ipAddress: 73.106.77.25
lastlocation:
  world: world_the_end
  x: 510.9123482096802
  y: 80.0
  z: 1509.9952473584856
  yaw: -293.3672
  pitch: 51.6
logoutlocation:
  world: world
  x: -26.21499054368889
  y: 67.0
  z: -29.30000001192093
  yaw: -38.54375
  pitch: 12.449796
afk: false
money: '1000000.5025000000002132'
