lastAccountName: ChickensDying
timestamps:
  login: 1564523400516
  lastteleport: 1564529768076
  kits:
    member: 1564198987896
  logout: 1564512677256
ipAddress: 67.167.123.194
lastlocation:
  world: world_nether
  x: -388.31994319834314
  y: 74.0
  z: 72.09538861222397
  yaw: 250.38403
  pitch: 4.432789
money: '1633.51699999999988155'
afk: false
logoutlocation:
  world: world
  x: -1007.8226833482202
  y: 11.0
  z: -1336.300000011921
  yaw: -219.58661
  pitch: 11.699956
nickname: Jones
homes:
  home:
    world: world
    x: -2186.9603884297685
    y: 23.0
    z: 72.73549059432649
    yaw: 321.4868
    pitch: 8.849558
