lastAccountName: ChickensDying
timestamps:
  login: 1564280670047
  lastteleport: 1564284158052
  kits:
    member: 1564198987896
  logout: 1564284810968
ipAddress: 67.167.123.194
lastlocation:
  world: world
  x: 1388.699999988079
  y: 65.0
  z: 1753.300000011921
  yaw: 237.45164
  pitch: 23.700106
money: '977.90700000000004767'
afk: false
logoutlocation:
  world: world
  x: -1007.4529574648833
  y: 11.0
  z: -1336.8195383839948
  yaw: 160.66553
  pitch: 12.299897
nickname: Jones
homes:
  home:
    world: world
    x: -1006.7248485599217
    y: 11.0
    z: -1338.7342533667643
    yaw: 294.76306
    pitch: 8.699865
