lastAccountName: ChickensDying
timestamps:
  login: 1564464073499
  lastteleport: 1564459838350
  kits:
    member: 1564198987896
  logout: 1564461733367
ipAddress: 67.167.123.194
lastlocation:
  world: world
  x: -1014.5630204805518
  y: 11.0
  z: -1338.9502745009106
  yaw: -207.13629
  pitch: 12.299932
money: '1338.45900000000012993'
afk: false
logoutlocation:
  world: world_nether
  x: -371.4315338729471
  y: 80.0
  z: 60.04549338143539
  yaw: -84.98364
  pitch: 6.2999387
nickname: Jones
homes:
  home:
    world: world
    x: -2186.9603884297685
    y: 23.0
    z: 72.73549059432649
    yaw: 321.4868
    pitch: 8.849558
