lastAccountName: ChickensDying
timestamps:
  login: 1564451812478
  lastteleport: 1564459838350
  kits:
    member: 1564198987896
  logout: 1564431132059
ipAddress: 67.167.123.194
lastlocation:
  world: world
  x: -1014.5630204805518
  y: 11.0
  z: -1338.9502745009106
  yaw: -207.13629
  pitch: 12.299932
money: '1062.72900000000011413'
afk: false
logoutlocation:
  world: world
  x: -1004.3535198403855
  y: 11.0
  z: -1340.699999988079
  yaw: -317.84772
  pitch: 11.850076
nickname: Jones
homes:
  home:
    world: world
    x: -2186.9603884297685
    y: 23.0
    z: 72.73549059432649
    yaw: 321.4868
    pitch: 8.849558
