lastAccountName: ChickensDying
timestamps:
  login: 1564523400516
  lastteleport: 1564531023776
  kits:
    member: 1564198987896
  logout: 1564512677256
ipAddress: 67.167.123.194
lastlocation:
  world: world
  x: -1005.6231929226656
  y: 11.0
  z: -1338.9936108175382
  yaw: -177.13683
  pitch: 14.399929
money: '643.54149999999988082'
afk: false
logoutlocation:
  world: world
  x: -1007.8226833482202
  y: 11.0
  z: -1336.300000011921
  yaw: -219.58661
  pitch: 11.699956
nickname: Jones
homes:
  home:
    world: world
    x: -2186.9603884297685
    y: 23.0
    z: 72.73549059432649
    yaw: 321.4868
    pitch: 8.849558
