lastAccountName: ChickensDying
timestamps:
  login: 1564364236388
  lastteleport: 1564368288551
  kits:
    member: 1564198987896
  logout: 1564354816242
ipAddress: 67.167.123.194
lastlocation:
  world: world
  x: -1006.1146653515344
  y: 11.0
  z: -1336.987512889698
  yaw: -150.28595
  pitch: 13.799888
money: '1029.20250000000008401'
afk: false
logoutlocation:
  world: world
  x: -1006.7139288993316
  y: 11.0
  z: -1338.8298706445764
  yaw: -12.736664
  pitch: 28.94992
nickname: Jones
homes:
  home:
    world: world_nether
    x: -388.4522931278558
    y: 74.0
    z: 89.36180947661751
    yaw: 200.83311
    pitch: 17.699839
