lastAccountName: ChickensDying
timestamps:
  login: 1564258199874
  lastteleport: 1564259194332
  kits:
    member: 1564198987896
  logout: 1564258482827
ipAddress: 67.167.123.194
lastlocation:
  world: world
  x: -3408.092912659647
  y: 66.0
  z: -3393.653519001672
  yaw: 73.18292
  pitch: 24.599945
money: '0'
afk: false
logoutlocation:
  world: world
  x: -42.275870531184275
  y: 67.0
  z: -40.210927072969326
  yaw: -123.44378
  pitch: 28.799814
