lastAccountName: ChickensDying
timestamps:
  login: 1564262586579
  lastteleport: 1564273998771
  kits:
    member: 1564198987896
  logout: 1564260769954
ipAddress: 67.167.123.194
lastlocation:
  world: world
  x: -740.1529343585105
  y: 67.0
  z: -296.45355818682907
  yaw: 148.81348
  pitch: 17.249914
money: '879.52700000000002758'
afk: false
logoutlocation:
  world: world
  x: -42.275870531184275
  y: 67.0
  z: -40.210927072969326
  yaw: -123.44378
  pitch: 28.799814
nickname: Jones
homes:
  home:
    world: world
    x: -1006.7248485599217
    y: 11.0
    z: -1338.7342533667643
    yaw: 294.76306
    pitch: 8.699865
