lastAccountName: ChickensDying
timestamps:
  login: 1564428774583
  lastteleport: 1564368288551
  kits:
    member: 1564198987896
  logout: 1564431132059
ipAddress: 67.167.123.194
lastlocation:
  world: world
  x: -1006.1146653515344
  y: 11.0
  z: -1336.987512889698
  yaw: -150.28595
  pitch: 13.799888
money: '1134.13850000000009493'
afk: false
logoutlocation:
  world: world
  x: -1004.3535198403855
  y: 11.0
  z: -1340.699999988079
  yaw: -317.84772
  pitch: 11.850076
nickname: Jones
homes:
  home:
    world: world_nether
    x: -388.4522931278558
    y: 74.0
    z: 89.36180947661751
    yaw: 200.83311
    pitch: 17.699839
