lastAccountName: SoftNina
timestamps:
  login: 1564286753995
  logout: 1564286755830
  lastteleport: 1564286486852
  kits:
    member: 1564198406413
    amethyst: 1564194328324
    sapphire: 1564190931274
ipAddress: 172.91.247.191
lastlocation:
  world: world
  x: 1029.8462852881771
  y: 54.0
  z: -3463.418050788563
  yaw: 356.52048
  pitch: 24.305387
logoutlocation:
  world: world
  x: 1029.4880942411467
  y: 54.0
  z: -3463.4426634194747
  yaw: 113.46835
  pitch: 19.866968
nickname: Nina
money: '2506.848999999999842695'
