lastAccountName: SoftNina
timestamps:
  login: 1564368113488
  logout: 1564368096521
  lastteleport: 1564364432201
  kits:
    member: 1564198406413
    amethyst: 1564194328324
    sapphire: 1564190931274
ipAddress: 172.91.247.191
lastlocation:
  world: world
  x: 1022.925000011921
  y: 63.0
  z: -3462.5444493287473
  yaw: 66.665405
  pitch: 5.09195
logoutlocation:
  world: world
  x: 1014.8778473543316
  y: 64.0
  z: -3457.3671972657335
  yaw: 91.4049
  pitch: 15.776725
nickname: Nina
money: '1223.382499999999801415'
