lastAccountName: SoftNina
timestamps:
  login: 1564369368111
  logout: 1564371414071
  lastteleport: 1564370015470
  kits:
    member: 1564198406413
    jade: 1564368885328
    amethyst: 1564194328324
    sapphire: 1564190931274
ipAddress: 172.91.247.191
lastlocation:
  world: world
  x: -25.24125179542383
  y: 69.7826190444921
  z: -34.09802843146882
  yaw: 20.123047
  pitch: -10.565956
logoutlocation:
  world: world
  x: 1012.0283920196175
  y: 64.0
  z: -3456.8274466428215
  yaw: 16.170898
  pitch: -26.5308
nickname: Nina
money: '1347.479999999999788115'
