lastAccountName: SoftNina
timestamps:
  login: 1564363104663
  logout: 1564363000442
  lastteleport: 1564362012224
  kits:
    member: 1564198406413
    amethyst: 1564194328324
    sapphire: 1564190931274
ipAddress: 172.91.247.191
lastlocation:
  world: world
  x: 1014.222601381493
  y: 64.0
  z: -3456.9436628172643
  yaw: 281.1429
  pitch: -0.5842958
logoutlocation:
  world: world
  x: 1314.300000011921
  y: 41.0
  z: 1226.925000011921
  yaw: -102.508354
  pitch: 8.681471
nickname: Nina
money: '985.412999999999827335'
