lastAccountName: TropicalGreen
timestamps:
  login: 1564436040851
  logout: 1564436051368
ipAddress: 204.83.216.197
lastlocation:
  world: world
  x: -48.5
  y: 64.0
  z: -47.5
  yaw: 4.9577136
  pitch: 0.0
logoutlocation:
  world: world
  x: -39.0276242493135
  y: 68.0
  z: -41.327475784563646
  yaw: -6.1437173
  pitch: 9.899793
