lastAccountName: Alettic
timestamps:
  login: 1564188721561
  logout: 1564188842715
ipAddress: 24.146.245.223
lastlocation:
  world: world
  x: -48.5
  y: 64.0
  z: -37.5
  yaw: 0.47342354
  pitch: 0.0
logoutlocation:
  world: world
  x: -12.146029186453378
  y: 71.0
  z: 58.80287460537803
  yaw: -22.238678
  pitch: 6.818089
