lastAccountName: CringeMonster
timestamps:
  login: 1564423549985
  lastteleport: 1564423692501
  logout: 1564424087359
  kits:
    member: 1564187079070
ipAddress: 99.22.48.228
lastlocation:
  world: world
  x: -2016.7754065726072
  y: 6.0
  z: 3515.3913849936953
  yaw: 26.959867
  pitch: -89.35251
money: '1342.80150000000009258'
homes:
  home:
    world: world
    x: -2034.604124225305
    y: 55.0
    z: 3507.5242811526145
    yaw: -0.98587036
    pitch: 35.54933
logoutlocation:
  world: world
  x: -2018.0977493684634
  y: 6.0
  z: 3520.457852437558
  yaw: -124.88728
  pitch: 19.498886
