lastAccountName: CringeMonster
timestamps:
  login: 1564283923527
  lastteleport: 1564284606352
  logout: 1564286728134
  kits:
    member: 1564187079070
ipAddress: 99.22.48.228
lastlocation:
  world: world
  x: -2034.4295609936291
  y: 55.0
  z: 3507.234534709734
  yaw: -4.8857727
  pitch: 12.899435
money: '1866.44700000000002796'
homes:
  home:
    world: world
    x: -2034.3632601202346
    y: 55.0
    z: 3508.9249653618413
    yaw: -77.558105
    pitch: 21.149733
logoutlocation:
  world: world
  x: -37.70264508631026
  y: 68.0
  z: -39.9310453206757
  yaw: -214.04366
  pitch: 29.549688
