lastAccountName: CringeMonster
timestamps:
  login: 1564464065412
  lastteleport: 1564464079276
  logout: 1564463824630
  kits:
    member: 1564187079070
ipAddress: 99.22.48.228
lastlocation:
  world: world
  x: -2016.3849120142597
  y: 6.0
  z: 3525.766196086475
  yaw: 4.0874414
  pitch: 4.199518
money: '544.08850000000008641'
homes:
  home:
    world: world
    x: -2032.7802453183403
    y: 64.0
    z: 3495.7000816060104
    yaw: -97.58615
    pitch: 12.899346
logoutlocation:
  world: world
  x: -2019.07525692864
  y: 7.0
  z: 3552.596149999772
  yaw: -2.6634138
  pitch: 13.349506
