lastAccountName: CringeMonster
timestamps:
  login: 1564362318969
  lastteleport: 1564360897174
  logout: 1564362307937
  kits:
    member: 1564187079070
ipAddress: 99.22.48.228
lastlocation:
  world: world
  x: -2035.8548273258211
  y: 55.0
  z: 3506.70346327894
  yaw: -52.723404
  pitch: 35.249195
money: '4378.85350000000008386'
homes:
  home:
    world: world
    x: -2016.0187315588814
    y: 6.0
    z: 3516.6156225342525
    yaw: 38.629395
    pitch: 18.600378
logoutlocation:
  world: world
  x: -2031.079616906772
  y: 6.0
  z: 3504.420260932901
  yaw: -350.48077
  pitch: 24.749594
