lastAccountName: CringeMonster
timestamps:
  login: 1564458267566
  lastteleport: 1564459383450
  logout: 1564460618532
  kits:
    member: 1564187079070
ipAddress: 99.22.48.228
lastlocation:
  world: world
  x: -2019.470832462649
  y: 6.0
  z: 3512.5667450180267
  yaw: -33.127197
  pitch: 42.749626
money: '5528.20500000000008641'
homes:
  home:
    world: world
    x: -2032.7802453183403
    y: 64.0
    z: 3495.7000816060104
    yaw: -97.58615
    pitch: 12.899346
logoutlocation:
  world: world
  x: -3577.6609908586806
  y: 34.0
  z: 1644.9715987094644
  yaw: -315.5058
  pitch: 39.149853
