lastAccountName: CringeMonster
timestamps:
  login: 1564368563373
  lastteleport: 1564368313251
  logout: 1564368554270
  kits:
    member: 1564187079070
ipAddress: 99.22.48.228
lastlocation:
  world: world
  x: -2034.1703542527825
  y: 55.0
  z: 3508.5404256933502
  yaw: 43.114353
  pitch: 90.0
money: '1112.97650000000009568'
homes:
  home:
    world: world
    x: -2017.4905177079374
    y: 6.0
    z: 3516.382341765586
    yaw: 69.07947
    pitch: 90.0
logoutlocation:
  world: world
  x: 1396.0
  y: 76.53584062504456
  z: -618.0
  yaw: 0.0
  pitch: 14.249987
