lastAccountName: CringeMonster
timestamps:
  login: 1564272444627
  lastteleport: 1564273659521
  logout: 1564274995539
  kits:
    member: 1564187079070
ipAddress: 99.22.48.228
lastlocation:
  world: world
  x: 1240.5035290817293
  y: 61.0
  z: 1221.8198426178446
  yaw: 297.30148
  pitch: 30.900047
money: '1507.72800000000000896'
homes:
  home:
    world: world
    x: -2034.3632601202346
    y: 55.0
    z: 3508.9249653618413
    yaw: -77.558105
    pitch: 21.149733
logoutlocation:
  world: world
  x: -2034.5791754463912
  y: 55.0
  z: 3508.0692099922776
  yaw: -318.53833
  pitch: 19.349718
