lastAccountName: CringeMonster
timestamps:
  login: 1564442924956
  lastteleport: 1564450699113
  logout: 1564450922325
  kits:
    member: 1564187079070
ipAddress: 99.22.48.228
lastlocation:
  world: world
  x: -2016.2775174526405
  y: 6.0
  z: 3531.195880999375
  yaw: -182.5844
  pitch: 12.89795
money: '2358.76450000000008641'
homes:
  home:
    world: world
    x: -2032.7802453183403
    y: 64.0
    z: 3495.7000816060104
    yaw: -97.58615
    pitch: 12.899346
logoutlocation:
  world: world
  x: -2016.3976891077452
  y: 6.0
  z: 3523.8226011119086
  yaw: -348.97427
  pitch: 5.8367486
