lastAccountName: CringeMonster
timestamps:
  login: 1564272444627
  lastteleport: 1564273659521
  logout: 1564272181731
  kits:
    member: 1564187079070
ipAddress: 99.22.48.228
lastlocation:
  world: world
  x: 1240.5035290817293
  y: 61.0
  z: 1221.8198426178446
  yaw: 297.30148
  pitch: 30.900047
money: '1466.65900000000000296'
homes:
  home:
    world: world
    x: -2034.3632601202346
    y: 55.0
    z: 3508.9249653618413
    yaw: -77.558105
    pitch: 21.149733
logoutlocation:
  world: world
  x: -2033.5725508065482
  y: 55.0
  z: 3509.7748773472954
  yaw: -259.23315
  pitch: 17.399736
