lastAccountName: k0tu
timestamps:
  login: 1564289597168
  logout: 1564291122059
  lastteleport: 1564290163502
  kits:
    member: 1564212173910
ipAddress: 76.90.93.70
lastlocation:
  world: world
  x: 1015.6537561068292
  y: 14.0
  z: -3222.699999988079
  yaw: 332.44626
  pitch: 30.902014
logoutlocation:
  world: world
  x: 773.3000000119209
  y: 11.0
  z: -3209.300000011921
  yaw: 270.78946
  pitch: 2.932162
money: '2303.90750000000002913'
