lastAccountName: k0tu
timestamps:
  login: 1564360205441
  logout: 1564360267145
  lastteleport: 1564298823824
  kits:
    member: 1564212173910
ipAddress: 76.90.93.70
lastlocation:
  world: world
  x: 621.577016827885
  y: 11.0
  z: -3209.5654775519965
  yaw: 265.18848
  pitch: 10.004459
logoutlocation:
  world: world
  x: 1012.8819015019063
  y: 63.0
  z: -3458.639240912337
  yaw: 179.10901
  pitch: -2.8161552
money: '2468.89569625000003889'
