lastAccountName: Kender_
timestamps:
  login: 1564244533422
  lastteleport: 1564244609839
  logout: 1564246195198
ipAddress: 71.55.245.203
lastlocation:
  world: world
  x: -33.78166660105066
  y: 67.0
  z: -45.59242268342037
  yaw: 202.20662
  pitch: 7.2219405
money: '371.9374999999999937'
logoutlocation:
  world: world
  x: -3654.586305251596
  y: 14.0
  z: -3308.0276102103926
  yaw: -74.9978
  pitch: 18.5438
