lastAccountName: loovne
timestamps:
  login: 1564463475918
  lastteleport: 1564462721650
ipAddress: 69.47.5.39
lastlocation:
  world: world
  x: -48.492953950457284
  y: 64.0
  z: -50.69999998807907
  yaw: 1.3787606
  pitch: 0.0
