lastAccountName: loovne
timestamps:
  login: 1564507297222
  lastteleport: 1564465337748
  logout: 1564507387502
ipAddress: 69.47.5.39
lastlocation:
  world: world
  x: 79.44670352426627
  y: 65.0
  z: 347.16631927150644
  yaw: 143.52097
  pitch: 27.032085
logoutlocation:
  world: world
  x: -39.79431865199326
  y: 68.0
  z: -40.98675320361822
  yaw: 188.89551
  pitch: 28.834072
