lastAccountName: Sympathiqve
timestamps:
  login: 1564464065418
  logout: 1564459847714
  lastteleport: 1564463484992
  kits:
    member: 1564429576451
ipAddress: 24.49.143.61
lastlocation:
  world: world
  x: -38.52324438384747
  y: 68.0
  z: -41.41332265928405
  yaw: -45.59375
  pitch: 8.549795
homes:
  home:
    world: world
    x: 266.69999998807907
    y: 35.0
    z: 8.300000011920929
    yaw: -228.29391
    pitch: -14.700054
logoutlocation:
  world: world
  x: 255.5269326840051
  y: 78.0
  z: 9.195062184081726
  yaw: 115.64995
  pitch: 27.300003
money: '0.0'
