lastAccountName: Sympathiqve
timestamps:
  login: 1564453410045
  logout: 1564440169162
  lastteleport: 1564454229450
  kits:
    member: 1564429576451
ipAddress: 24.49.143.61
lastlocation:
  world: world
  x: -1523.3857358747134
  y: 88.0
  z: -862.9051579648418
  yaw: 6.7500315
  pitch: 26.700003
homes:
  home:
    world: world
    x: 256.2954891529082
    y: 78.0
    z: 19.315310251530565
    yaw: -308.39465
    pitch: 23.550108
logoutlocation:
  world: world
  x: 257.6999999880791
  y: 78.0
  z: 9.465101630137204
  yaw: -295.19873
  pitch: -9.899985
money: '0.0'
