lastAccountName: Sympathiqve
timestamps:
  login: 1564437717050
  logout: 1564440169162
  lastteleport: 1564438700951
  kits:
    member: 1564429576451
ipAddress: 24.49.143.61
lastlocation:
  world: world
  x: -38.52324438384747
  y: 68.0
  z: -41.41332265928405
  yaw: -42.44375
  pitch: 13.949796
homes:
  home:
    world: world
    x: 256.2954891529082
    y: 78.0
    z: 19.315310251530565
    yaw: -308.39465
    pitch: 23.550108
logoutlocation:
  world: world
  x: 257.6999999880791
  y: 78.0
  z: 9.465101630137204
  yaw: -295.19873
  pitch: -9.899985
money: '0.0'
