lastAccountName: dastor15
timestamps:
  login: 1564261611528
  logout: 1564261636134
ipAddress: 73.254.245.54
lastlocation:
  world: world
  x: -48.5
  y: 64.0
  z: -50.5
  yaw: 0.08943759
  pitch: 0.0
logoutlocation:
  world: world
  x: -3402.8475781364177
  y: 66.0
  z: -3396.399098087783
  yaw: -280.89706
  pitch: 27.416306
