lastAccountName: Grepses
timestamps:
  login: 1564266749688
  lastteleport: 1564240220891
  kits:
    member: 1564183642947
  logout: 1564266981140
ipAddress: 104.179.26.50
lastlocation:
  world: world
  x: -1601.4709293416568
  y: 79.5
  z: -4007.308379554437
  yaw: -295.39023
  pitch: -73.192566
money: '232.4504999999999961'
homes:
  home:
    world: world
    x: -1603.9211623363835
    y: 79.5
    z: -4008.6950301297597
    yaw: 2.5134583
    pitch: 18.984888
logoutlocation:
  world: world
  x: 0.3000000119209282
  y: 72.0
  z: -10.098998527444571
  yaw: -188.55371
  pitch: 11.092021
