lastAccountName: Grepses
timestamps:
  login: 1564344531845
  lastteleport: 1564344950574
  kits:
    member: 1564183642947
  logout: 1564345070045
ipAddress: 104.179.26.50
lastlocation:
  world: world
  x: -44.97163398252426
  y: 72.0
  z: -42.120537641698405
  yaw: -107.06122
  pitch: -7.073244
money: '232.4504999999999961'
homes:
  home:
    world: world
    x: -1603.9211623363835
    y: 79.5
    z: -4008.6950301297597
    yaw: 2.5134583
    pitch: 18.984888
logoutlocation:
  world: world
  x: -1642.3327510108288
  y: 57.0
  z: 1904.9976197799529
  yaw: -181.45953
  pitch: 12.603105
