lastAccountName: Grepses
timestamps:
  login: 1564510448836
  lastteleport: 1564509613726
  kits:
    member: 1564183642947
  logout: 1564529322256
ipAddress: 104.179.26.50
lastlocation:
  world: world
  x: -1973.3336642154877
  y: 64.0
  z: 667.6775975145262
  yaw: -342.3633
  pitch: 6.1955295
money: '3852.56383750000015404'
homes:
  home:
    world: world
    x: 252.01673145000132
    y: 75.0
    z: -689.6981063306953
    yaw: -88.456116
    pitch: 6.4499874
logoutlocation:
  world: world
  x: -1628.3717259888297
  y: 46.0
  z: 1323.5569186140756
  yaw: -265.77554
  pitch: 28.649914
