lastAccountName: Grepses
timestamps:
  login: 1564457161799
  lastteleport: 1564458639400
  kits:
    member: 1564183642947
  logout: 1564458745323
ipAddress: 104.179.26.50
lastlocation:
  world: world
  x: 997.3429076113849
  y: 54.0
  z: -3463.686089246565
  yaw: 78.27488
  pitch: 13.558275
money: '3070.7782500000001374'
homes:
  home:
    world: world
    x: -2180.6361585066525
    y: 23.0
    z: 71.98995268968548
    yaw: -177.30518
    pitch: 5.8079953
logoutlocation:
  world: world
  x: 3.5250247496009792
  y: 66.0
  z: -20.055699655823368
  yaw: -63.151855
  pitch: 28.479256
