lastAccountName: Grepses
timestamps:
  login: 1564364370184
  lastteleport: 1564368675651
  kits:
    member: 1564183642947
  logout: 1564345070045
ipAddress: 104.179.26.50
lastlocation:
  world: world
  x: 1030.300000011921
  y: 54.0
  z: -3467.7597281541275
  yaw: 4.4037476
  pitch: -3.673644
money: '482.4119999999999976'
homes:
  home:
    world: world
    x: -940.010868154778
    y: 64.0
    z: -1028.9206545389939
    yaw: -283.27515
    pitch: 7.9574018
logoutlocation:
  world: world
  x: -1642.3327510108288
  y: 57.0
  z: 1904.9976197799529
  yaw: -181.45953
  pitch: 12.603105
