lastAccountName: Grepses
timestamps:
  login: 1564454614314
  lastteleport: 1564440148001
  kits:
    member: 1564183642947
  logout: 1564439363316
ipAddress: 104.179.26.50
lastlocation:
  world: world
  x: 1030.0682965791666
  y: 54.0
  z: -3462.3772237495496
  yaw: -125.79643
  pitch: 6.9152265
money: '2984.3247500000001394'
homes:
  home:
    world: world
    x: -2180.6361585066525
    y: 23.0
    z: 71.98995268968548
    yaw: -177.30518
    pitch: 5.8079953
logoutlocation:
  world: world
  x: -1687.0953161289801
  y: 73.0
  z: -1610.1491244045153
  yaw: -147.48114
  pitch: 15.803755
