lastAccountName: Grepses
timestamps:
  login: 1564431697324
  lastteleport: 1564437470852
  kits:
    member: 1564183642947
  logout: 1564392112010
ipAddress: 104.179.26.50
lastlocation:
  world: world
  x: 1013.3000000119209
  y: 63.0
  z: -3460.5476644111045
  yaw: 114.898125
  pitch: -32.30418
money: '2975.2757500000001399'
homes:
  home:
    world: world
    x: 833.7102944265794
    y: 6.0
    z: 890.1309948176324
    yaw: -81.61455
    pitch: 10.50025
logoutlocation:
  world: world
  x: 1032.699999988079
  y: 54.875
  z: -3465.699999988079
  yaw: -323.04352
  pitch: 7.6013656
