lastAccountName: Camden729
timestamps:
  login: 1564208125432
  kits:
    member: 1564209847725
  logout: 1564212188612
ipAddress: 45.49.127.131
lastlocation:
  world: world
  x: -720.3000000119209
  y: 69.0
  z: -1296.6612877912842
  yaw: -170.47351
  pitch: 20.394253
logoutlocation:
  world: world
  x: 1012.9499999880791
  y: 64.0
  z: -3460.699999988079
  yaw: 37.64966
  pitch: 29.581459
