lastAccountName: End3rduty
timestamps:
  login: 1564454176151
  logout: 1564458948667
  lastteleport: 1564455574200
  kits:
    member: 1564183567477
ipAddress: 73.54.255.249
lastlocation:
  world: world
  x: -1651.6333971168413
  y: 52.0
  z: 1913.70507899092
  yaw: 275.00635
  pitch: 22.401333
logoutlocation:
  world: world
  x: -1645.5379450308692
  y: 47.0
  z: 1914.6343627928281
  yaw: 9.658936
  pitch: -66.698875
money: '1957.49900000000004973'
homes:
  home:
    world: world
    x: 660.055673412986
    y: 15.0
    z: 1974.226005973335
    yaw: 2.8414307
    pitch: 20.699924
