lastAccountName: End3rduty
timestamps:
  login: 1564523847400
  logout: 1564522722157
  lastteleport: 1564529409426
  kits:
    member: 1564183567477
ipAddress: 73.54.255.249
lastlocation:
  world: world
  x: -1648.4623909278937
  y: 46.0
  z: 1913.1556934458674
  yaw: 154.40784
  pitch: 10.851236
logoutlocation:
  world: world
  x: -1649.0241361960393
  y: 47.0
  z: 1917.1438379653644
  yaw: 265.70685
  pitch: 5.699958
money: '4152.15049999999997134'
homes:
  home:
    world: world
    x: -2180.639744089499
    y: 23.0
    z: 70.30000001192093
    yaw: 173.97559
    pitch: -11.700047
