lastAccountName: End3rduty
timestamps:
  login: 1564454176151
  logout: 1564453454316
  lastteleport: 1564438850292
  kits:
    member: 1564183567477
ipAddress: 73.54.255.249
lastlocation:
  world: world
  x: -1886.524759490115
  y: 81.0
  z: -341.0739593407939
  yaw: -120.01169
  pitch: 1.6496756
logoutlocation:
  world: world
  x: -1636.0898563513165
  y: 55.5
  z: 1918.004066901371
  yaw: 257.7563
  pitch: 6.651367
money: '1889.91750000000005302'
homes:
  home:
    world: world
    x: 660.055673412986
    y: 15.0
    z: 1974.226005973335
    yaw: 2.8414307
    pitch: 20.699924
