lastAccountName: End3rduty
timestamps:
  login: 1564363262869
  logout: 1564363541892
  lastteleport: 1564352441624
  kits:
    member: 1564183567477
ipAddress: 73.54.255.249
lastlocation:
  world: world
  x: -1650.2023850021635
  y: 52.0
  z: 1913.7805827002303
  yaw: 43.406406
  pitch: 15.801372
logoutlocation:
  world: world
  x: -1647.6286389400952
  y: 52.0
  z: 1912.9905745960366
  yaw: 4.7053947
  pitch: 22.350044
money: '1716.16350000000008230'
homes:
  home:
    world: world
    x: -1769.300000011921
    y: 20.0
    z: 1900.5936736391207
    yaw: 91.24341
    pitch: 10.349993
