lastAccountName: End3rduty
timestamps:
  login: 1564523847400
  logout: 1564522722157
  lastteleport: 1564521317329
  kits:
    member: 1564183567477
ipAddress: 73.54.255.249
lastlocation:
  world: world
  x: 661.2473855526064
  y: 15.0
  z: 1977.384709598981
  yaw: -265.64133
  pitch: -0.60006434
logoutlocation:
  world: world
  x: -1649.0241361960393
  y: 47.0
  z: 1917.1438379653644
  yaw: 265.70685
  pitch: 5.699958
money: '4076.37049999999998518'
homes:
  home:
    world: world
    x: -2180.639744089499
    y: 23.0
    z: 70.30000001192093
    yaw: 173.97559
    pitch: -11.700047
