lastAccountName: End3rduty
timestamps:
  login: 1564434987486
  logout: 1564439841114
  lastteleport: 1564438850292
  kits:
    member: 1564183567477
ipAddress: 73.54.255.249
lastlocation:
  world: world
  x: -1886.524759490115
  y: 81.0
  z: -341.0739593407939
  yaw: -120.01169
  pitch: 1.6496756
logoutlocation:
  world: world
  x: -1648.9982524396455
  y: 52.0
  z: 1913.8026226835882
  yaw: 272.30643
  pitch: 11.301367
money: '1786.07350000000005312'
homes:
  home:
    world: world
    x: 660.055673412986
    y: 15.0
    z: 1974.226005973335
    yaw: 2.8414307
    pitch: 20.699924
