lastAccountName: End3rduty
timestamps:
  login: 1564274780977
  logout: 1564263833940
  lastteleport: 1564263367471
  kits:
    member: 1564183567477
ipAddress: 73.54.255.249
lastlocation:
  world: world
  x: -1640.5797460507385
  y: 52.0
  z: 1917.7912839306491
  yaw: -309.80945
  pitch: 17.999935
logoutlocation:
  world: world
  x: -1640.836826101084
  y: 52.0
  z: 1914.8010491463726
  yaw: 10.443752
  pitch: 8.399949
money: '77.78850000000006787'
homes:
  home:
    world: world
    x: -1769.300000011921
    y: 20.0
    z: 1900.5936736391207
    yaw: 91.24341
    pitch: 10.349993
