lastAccountName: End3rduty
timestamps:
  login: 1564434987486
  logout: 1564388971316
  lastteleport: 1564436299451
  kits:
    member: 1564183567477
ipAddress: 73.54.255.249
lastlocation:
  world: world
  x: -7.339678476013406
  y: 64.0
  z: -74.34712375821417
  yaw: -177.89389
  pitch: 6.7497926
logoutlocation:
  world: world
  x: -1647.333685950817
  y: 52.0
  z: 1913.1490407739213
  yaw: 76.4064
  pitch: 28.25136
money: '1762.67700000000005312'
homes:
  home:
    world: world
    x: 660.055673412986
    y: 15.0
    z: 1974.226005973335
    yaw: 2.8414307
    pitch: 20.699924
