lastAccountName: End3rduty
timestamps:
  login: 1564461538863
  logout: 1564461636273
  lastteleport: 1564455574200
  kits:
    member: 1564183567477
ipAddress: 73.54.255.249
lastlocation:
  world: world
  x: -1651.6333971168413
  y: 52.0
  z: 1913.70507899092
  yaw: 275.00635
  pitch: 22.401333
logoutlocation:
  world: world
  x: -1650.741294225034
  y: 47.0
  z: 1915.2069483757637
  yaw: 174.80939
  pitch: 19.251114
money: '2022.28850000000004527'
homes:
  home:
    world: world
    x: 660.055673412986
    y: 15.0
    z: 1974.226005973335
    yaw: 2.8414307
    pitch: 20.699924
