lastAccountName: End3rduty
timestamps:
  login: 1564283432263
  logout: 1564286547064
  lastteleport: 1564286049552
  kits:
    member: 1564183567477
ipAddress: 73.54.255.249
lastlocation:
  world: world
  x: -1647.3670473907368
  y: 52.0
  z: 1914.938031082942
  yaw: -25.70581
  pitch: -8.850069
logoutlocation:
  world: world
  x: -1647.3392623846785
  y: 52.5625
  z: 1913.9003161579662
  yaw: -26.45626
  pitch: 30.599947
money: '416.46600000000006601'
homes:
  home:
    world: world
    x: -1769.300000011921
    y: 20.0
    z: 1900.5936736391207
    yaw: 91.24341
    pitch: 10.349993
