lastAccountName: SeantasticSean
timestamps:
  login: 1564259627319
  lastteleport: 1564261569451
  kits:
    member: 1564195368178
  logout: 1564248967897
ipAddress: 24.187.178.184
lastlocation:
  world: world
  x: -3404.3124004174547
  y: 66.0
  z: -3400.9478388439275
  yaw: -85.60513
  pitch: 7.6468773
money: '3593.26250000000020381'
homes:
  home:
    world: world
    x: 3429.707994866185
    y: 60.0
    z: -890.5368702149368
    yaw: 189.57962
    pitch: -0.32544532
logoutlocation:
  world: world
  x: 3430.461910412078
  y: 60.0
  z: -890.5746250858882
  yaw: -109.339966
  pitch: 16.548729
