lastAccountName: SeantasticSean
timestamps:
  login: 1564267373998
  lastteleport: 1564275971521
  kits:
    member: 1564195368178
  logout: 1564276106834
ipAddress: 24.187.178.184
lastlocation:
  world: world_the_end
  x: -339.68872122862416
  y: 15.0
  z: -0.3685308286251219
  yaw: -65.05521
  pitch: 30.293552
money: '61.86799999999994011'
homes:
  home:
    world: world_the_end
    x: -329.1127656740633
    y: 1.0
    z: 0.21131119769682835
    yaw: -22.87204
    pitch: 80.87168
logoutlocation:
  world: world_the_end
  x: -336.30000001192093
  y: 17.0
  z: -0.6231619156347945
  yaw: -80.6893
  pitch: 40.13566
