lastAccountName: SeantasticSean
timestamps:
  login: 1564267373998
  lastteleport: 1564273576271
  kits:
    member: 1564195368178
  logout: 1564267360321
ipAddress: 24.187.178.184
lastlocation:
  world: world
  x: -3407.8421266522764
  y: 66.0
  z: -3393.9054928300006
  yaw: -137.46768
  pitch: 27.523136
money: '0.96799999999994071'
homes:
  home:
    world: world_the_end
    x: -329.1127656740633
    y: 1.0
    z: 0.21131119769682835
    yaw: -22.87204
    pitch: 80.87168
logoutlocation:
  world: world
  x: 2087.6971659315063
  y: 31.0
  z: -1518.03451927816
  yaw: -150.99155
  pitch: 33.845585
