lastAccountName: SeantasticSean
timestamps:
  login: 1564267373998
  lastteleport: 1564275169371
  kits:
    member: 1564195368178
  logout: 1564267360321
ipAddress: 24.187.178.184
lastlocation:
  world: world_the_end
  x: 2.6237775541928032
  y: 65.0
  z: 14.84379051575942
  yaw: -254.39935
  pitch: 13.116267
money: '61.86799999999994011'
homes:
  home:
    world: world_the_end
    x: -329.1127656740633
    y: 1.0
    z: 0.21131119769682835
    yaw: -22.87204
    pitch: 80.87168
logoutlocation:
  world: world
  x: 2087.6971659315063
  y: 31.0
  z: -1518.03451927816
  yaw: -150.99155
  pitch: 33.845585
