lastAccountName: SeantasticSean
timestamps:
  login: 1564360113059
  lastteleport: 1564357901774
  kits:
    member: 1564195368178
  logout: 1564360434639
ipAddress: 24.187.178.184
lastlocation:
  world: world
  x: -3407.9069117395143
  y: 63.0
  z: -3397.362512845204
  yaw: 140.38522
  pitch: 22.141214
money: '3937.55799999999990174'
homes:
  home:
    world: world_the_end
    x: -330.9152368907102
    y: 1.0
    z: -0.40831482054136914
    yaw: 91.779396
    pitch: 28.748117
logoutlocation:
  world: world_the_end
  x: -334.7541803430216
  y: 0.875
  z: -1.2201975735587394
  yaw: -259.13528
  pitch: 15.70376
