lastAccountName: SeantasticSean
timestamps:
  login: 1564528720798
  lastteleport: 1564530274176
  kits:
    member: 1564195368178
  logout: 1564530302564
ipAddress: 24.187.178.184
lastlocation:
  world: world
  x: -3408.6381701117903
  y: 63.0
  z: -3397.816898234685
  yaw: -208.48503
  pitch: 21.776554
money: '6331.28549999999996541'
homes:
  home:
    world: world
    x: -3395.916583940483
    y: 13.0
    z: -3139.2790719697036
    yaw: -343.64935
    pitch: 18.62203
logoutlocation:
  world: world
  x: -3412.6468687561724
  y: 11.0
  z: -3119.2668894157687
  yaw: -124.35005
  pitch: 4.387751
