spawns: 
  default: 
    world: world
    x: -38.52324438384747
    y: 68.0
    z: -41.41332265928405
    yaw: -45.59375
    pitch: 8.549795
