world: world
x: -36.54500060818038
y: 67.0
z: -22.313895917560362
yaw: -1.043499
pitch: 9.150018
name: enchant
lastowner: 8552fda6-4b30-4490-9a94-838b6489dca4
